----------------- Values from GHS ---------------
0 1 5
48 57 6
0 2 7
48 84 8
45 62 9
40 82 10
0 4 11
0 8 12
55 68 13
73 90 14
73 80 15
0 9 16
0 5 17
0 21 18
0 7 19
7 52 20
0 11 21
0 32 22
40 42 23
70 92 24
0 13 25
0 35 26
0 15 27
5 49 28
0 16 29
0 38 30
0 20 31
0 48 32
16 86 33
0 51 34
77 83 35
24 55 36
65 92 37
0 53 38
17 32 39
0 56 40
70 98 41
0 25 43
0 26 45
89 99 46
69 73 47
0 63 48
26 66 49
0 69 50
0 29 51
6 43 52
0 42 53
72 95 54
0 75 56
27 98 57
84 93 59
0 87 60
0 58 61
0 96 62
76 77 63
1 6 64
59 99 65
0 68 67
1 14 68
1 18 70
28 46 71
71 81 72
0 74 73
0 76 75
37 78 77
1 27 78
1 30 80
25 44 82
0 88 83
39 57 84
0 95 87
1 59 90
1 3 91
1 61 92
1 62 96
5 50 98
1 64 100
1 12 101
1 67 104
1 23 105
34 92 113
1 37 117
1 41 121
1 79 122
5 28 123
52 60 129
1 85 134
20 31 140
1 91 142
33 84 150
1 97 157
36 64 164
2 19 167
2 22 171
2 47 188
2 54 192
2 71 209
10 71 235
76 94 259
----------------- Values from Kruskal ---------------
0 1 5
48 57 6
0 2 7
48 84 8
45 62 9
40 82 10
0 4 11
0 8 12
55 68 13
73 90 14
73 80 15
0 9 16
0 5 17
0 21 18
0 7 19
7 52 20
0 11 21
0 32 22
40 42 23
70 92 24
0 13 25
0 35 26
0 15 27
5 49 28
0 16 29
0 38 30
0 20 31
0 48 32
16 86 33
0 51 34
77 83 35
24 55 36
65 92 37
0 53 38
17 32 39
0 56 40
70 98 41
0 25 43
0 26 45
89 99 46
69 73 47
0 63 48
26 66 49
0 69 50
0 29 51
6 43 52
0 42 53
72 95 54
0 75 56
27 98 57
84 93 59
0 87 60
0 58 61
0 96 62
76 77 63
1 6 64
59 99 65
0 68 67
1 14 68
1 18 70
28 46 71
71 81 72
0 74 73
0 76 75
37 78 77
1 27 78
1 30 80
25 44 82
0 88 83
39 57 84
0 95 87
1 59 90
1 3 91
1 61 92
1 62 96
5 50 98
1 64 100
1 12 101
1 67 104
1 23 105
34 92 113
1 37 117
1 41 121
1 79 122
5 28 123
52 60 129
1 85 134
20 31 140
1 91 142
33 84 150
1 97 157
36 64 164
2 19 167
2 22 171
2 47 188
2 54 192
2 71 209
10 71 235
76 94 259
-------------------------------------------------
Are they the same?? : True
